54.705095291137695 Test loss (%)
85.5284571647644 Test accuracy (%)

83.47686201206355 Kappa accuracy (%)
85.52845528455283 Overall accuracy (%)
71.10150066908038 Average accuracy (%)

                              precision    recall  f1-score   support

                     Alfalfa       1.00      0.56      0.72        41
                 Corn-notill       0.90      0.96      0.93      1285
                Corn-mintill       0.87      0.72      0.78       747
                        Corn       0.50      0.73      0.59       213
               Grass-pasture       0.65      0.49      0.55       435
                 Grass-trees       0.69      0.72      0.71       657
         Grass-pasture-mowed       0.00      0.00      0.00        25
               Hay-windrowed       0.66      0.88      0.75       430
                        Oats       0.81      0.72      0.76        18
              Soybean-notill       0.82      0.91      0.86       875
             Soybean-mintill       0.95      0.96      0.96      2210
               Soybean-clean       0.89      0.83      0.86       534
                       Wheat       0.96      0.81      0.87       185
                       Woods       0.99      0.99      0.99      1139
Buildings-Grass-Trees-Drives       0.78      0.55      0.64       347
          Stone-Steel-Towers       0.56      0.57      0.56        84

                    accuracy                           0.86      9225
                   macro avg       0.75      0.71      0.72      9225
                weighted avg       0.86      0.86      0.85      9225

[[  23    0    0    0    0    0    0    6    0   12    0    0    0    0
     0    0]
 [   0 1233    0    1    0    0    0    0    0    3   48    0    0    0
     0    0]
 [   0   75  535  104    2    2    0    0    0   14    0   15    0    0
     0    0]
 [   0    3   53  155    0    0    0    0    0    0    0    2    0    0
     0    0]
 [   0    0    1    3  211   58    0  142    2    0    0    4    3    0
    11    0]
 [   0    1   13    6   39  473    0   29    0   16    1   18    2    7
    39   13]
 [   0    0    0    0   25    0    0    0    0    0    0    0    0    0
     0    0]
 [   0    0    0    0    6   42    0  378    0    3    0    0    0    1
     0    0]
 [   0    0    5    0    0    0    0    0   13    0    0    0    0    0
     0    0]
 [   0   10    2    1    0   11    0    0    0  794   36    3    0    2
     2   14]
 [   0   12    0    0    0    0    0    0    0   76 2122    0    0    0
     0    0]
 [   0   21    9   35    2    5    0    7    1    6    0  441    0    0
     0    7]
 [   0    0    0    4    0   27    0    0    0    0    0    4  149    0
     1    0]
 [   0    0    0    0    0    0    0    0    0   14    0    0    0 1125
     0    0]
 [   0   11    0    0   41   37    0   13    0   25   20    4    2    0
   190    4]
 [   0    1    0    0    0   27    0    0    0    1    0    6    0    0
     1   48]]